MM  DD  YYYY  HH  MM  SS    C     F   RH(%)
08  06  2019  14  12  21  28.8  83.9  52.45
08  06  2019  14  12  22  28.8  83.9  52.46
08  06  2019  14  12  23  28.8  83.9  52.53
08  06  2019  14  12  24  28.8  83.9  52.94
08  06  2019  14  12  25  28.8  83.9  52.97
08  06  2019  14  12  26  28.8  83.9  52.82
08  06  2019  14  12  27  28.8  83.9  52.1
08  06  2019  14  12  28  28.8  83.9  51.94
08  06  2019  14  12  29  28.9  83.9  52.39
08  06  2019  14  12  30  28.8  83.9  52.42
08  06  2019  14  12  31  28.8  83.9  52.28
08  06  2019  14  12  32  28.9  83.9  52.06
08  06  2019  14  12  33  28.9  83.9  52.06
08  06  2019  14  12  33  28.9  83.9  52.06
08  06  2019  14  12  33  28.9  83.9  52.06
08  06  2019  14  12  33  28.9  83.9  52.06
08  06  2019  14  12  33  28.9  83.9  52.06
08  06  2019  14  12  33  28.9  83.9  52.06
08  06  2019  14  12  33  28.9  83.9  52.06
08  06  2019  14  12  33  28.9  83.9  52.06
08  06  2019  14  12  33  28.9  83.9  52.06
08  06  2019  14  12  33  28.9  83.9  52.06
08  06  2019  14  12  33  28.9  83.9  52.06
08  06  2019  14  12  33  28.9  83.9  52.06
08  06  2019  14  12  33  28.9  83.9  52.06
08  06  2019  14  12  33  28.9  83.9  52.06
08  06  2019  14  12  33  28.9  83.9  52.06
08  06  2019  14  12  33  28.9  83.9  52.06
08  06  2019  14  12  33  28.9  83.9  52.06
08  06  2019  14  12  33  28.9  83.9  52.06
08  06  2019  14  12  33  28.9  83.9  52.06
08  06  2019  14  12  33  28.9  83.9  52.06
08  06  2019  14  12  33  28.9  83.9  52.06
08  06  2019  14  12  33  28.9  83.9  52.06
08  06  2019  14  12  33  28.9  83.9  52.06
08  06  2019  14  12  33  28.9  83.9  52.06
08  06  2019  14  12  33  28.9  83.9  52.06
08  06  2019  14  12  33  28.9  83.9  52.06
08  06  2019  14  12  33  28.9  83.9  52.06
08  06  2019  14  12  33  28.9  83.9  52.06
08  06  2019  14  12  33  28.9  83.9  52.06
08  06  2019  14  12  33  28.9  83.9  52.06
08  06  2019  14  12  33  28.9  83.9  52.06
08  06  2019  14  12  33  28.9  83.9  52.06
08  06  2019  14  12  33  28.9  83.9  52.06
08  06  2019  14  12  33  28.9  83.9  52.06
08  06  2019  14  12  33  28.9  83.9  52.06
08  06  2019  14  12  33  28.9  83.9  52.06
08  06  2019  14  12  33  28.9  83.9  52.06
08  06  2019  14  12  33  28.9  83.9  51.77
08  06  2019  14  12  34  28.9  83.9  51.84
08  06  2019  14  12  35  28.9  83.9  51.8
08  06  2019  14  12  36  28.8  83.9  51.65
08  06  2019  14  12  37  28.8  83.9  51.41
08  06  2019  14  12  38  28.8  83.9  51.48
08  06  2019  14  12  39  28.9  83.9  51.88
08  06  2019  14  12  40  28.9  83.9  52.31
08  06  2019  14  12  41  28.8  83.9  52.18
08  06  2019  14  12  42  28.8  83.9  52.12
08  06  2019  14  12  44  28.8  83.9  52.04
08  06  2019  14  12  45  28.8  83.9  51.9
08  06  2019  14  12  46  28.8  83.9  51.53
08  06  2019  14  12  47  28.8  83.9  51.5
08  06  2019  14  12  48  28.8  83.9  51.24
08  06  2019  14  12  49  28.8  83.9  51.01
08  06  2019  14  12  50  28.8  83.9  51.01
08  06  2019  14  12  50  28.8  83.9  51.01
08  06  2019  14  12  50  28.8  83.9  51.01
08  06  2019  14  12  50  28.8  83.9  51.01
08  06  2019  14  12  50  28.8  83.9  51.01
08  06  2019  14  12  50  28.8  83.9  51.01
08  06  2019  14  12  50  28.8  83.9  51.01
08  06  2019  14  12  50  28.8  83.9  51.01
08  06  2019  14  12  50  28.8  83.9  51.01
08  06  2019  14  12  50  28.8  83.9  51.01
08  06  2019  14  12  50  28.8  83.9  51.01
08  06  2019  14  12  50  28.8  83.9  51.01
08  06  2019  14  12  50  28.8  83.9  51.01
08  06  2019  14  12  50  28.8  83.9  51.01
08  06  2019  14  12  50  28.8  83.9  51.01
08  06  2019  14  12  50  28.8  83.9  51.01
08  06  2019  14  12  50  28.8  83.9  51.01
08  06  2019  14  12  50  28.8  83.9  51.01
08  06  2019  14  12  50  28.8  83.9  51.01
08  06  2019  14  12  50  28.8  83.9  51.01
08  06  2019  14  12  50  28.8  83.9  51.01
08  06  2019  14  12  50  28.8  83.9  51.01
08  06  2019  14  12  50  28.8  83.9  51.01
08  06  2019  14  12  50  28.8  83.9  51.01
08  06  2019  14  12  50  28.8  83.9  51.01
08  06  2019  14  12  50  28.8  83.9  51.01
08  06  2019  14  12  50  28.8  83.9  51.01
08  06  2019  14  12  50  28.8  83.9  51.01
08  06  2019  14  12  50  28.8  83.9  51.01
08  06  2019  14  12  50  28.8  83.9  51.01
08  06  2019  14  12  50  28.8  83.9  51.01
08  06  2019  14  12  50  28.8  83.9  51.01
08  06  2019  14  12  50  28.8  83.9  51.01
08  06  2019  14  12  50  28.8  83.9  51.01
08  06  2019  14  12  50  28.8  83.9  51.01
08  06  2019  14  12  50  28.8  83.9  51.01
08  06  2019  14  12  50  28.8  83.9  51.01
08  06  2019  14  12  50  28.8  83.9  50.9
08  06  2019  14  12  51  28.8  83.9  50.75
08  06  2019  14  12  52  28.8  83.9  50.88
08  06  2019  14  12  53  28.8  83.9  51
08  06  2019  14  12  54  28.8  83.9  51.07
08  06  2019  14  12  55  28.8  83.9  50.98
08  06  2019  14  12  56  28.8  83.9  50.89
08  06  2019  14  12  57  28.8  83.9  51.47
08  06  2019  14  12  58  28.8  83.9  51.5
08  06  2019  14  12  59  28.8  83.9  51.75
08  06  2019  14  13  00  28.8  83.9  51.44
08  06  2019  14  13  01  28.8  83.9  51.52
08  06  2019  14  13  02  28.8  83.9  51.01
08  06  2019  14  13  03  28.8  83.9  51.5
08  06  2019  14  13  04  28.8  83.9  51.23
08  06  2019  14  13  05  28.8  83.9  50.96
08  06  2019  14  13  06  28.8  83.9  50.96
08  06  2019  14  13  06  28.8  83.9  50.96
08  06  2019  14  13  06  28.8  83.9  50.96
08  06  2019  14  13  06  28.8  83.9  50.96
08  06  2019  14  13  06  28.8  83.9  50.96
08  06  2019  14  13  06  28.8  83.9  50.96
08  06  2019  14  13  06  28.8  83.9  50.96
08  06  2019  14  13  06  28.8  83.9  50.96
08  06  2019  14  13  06  28.8  83.9  50.96
08  06  2019  14  13  06  28.8  83.9  50.96
08  06  2019  14  13  06  28.8  83.9  50.96
08  06  2019  14  13  06  28.8  83.9  50.96
08  06  2019  14  13  06  28.8  83.9  50.96
08  06  2019  14  13  06  28.8  83.9  50.96
08  06  2019  14  13  06  28.8  83.9  50.96
08  06  2019  14  13  06  28.8  83.9  50.96
08  06  2019  14  13  06  28.8  83.9  50.96
08  06  2019  14  13  06  28.8  83.9  50.96
08  06  2019  14  13  06  28.8  83.9  50.91
08  06  2019  14  13  07  28.8  83.9  50.87
08  06  2019  14  13  08  28.8  83.9  50.94
08  06  2019  14  13  09  28.8  83.9  51.09
08  06  2019  14  13  10  28.8  83.9  51.82
08  06  2019  14  13  11  28.9  83.9  52.02
08  06  2019  14  13  12  28.9  83.9  51.81
08  06  2019  14  13  13  28.9  83.9  51.66
08  06  2019  14  13  14  28.9  83.9  51.98
08  06  2019  14  13  15  28.9  83.9  52.27
08  06  2019  14  13  16  28.8  83.9  51.92
08  06  2019  14  13  17  28.8  83.9  51.69
08  06  2019  14  13  18  28.8  83.9  51.38
08  06  2019  14  13  19  28.8  83.9  51.37
08  06  2019  14  13  20  28.8  83.9  51.01
08  06  2019  14  13  21  28.8  83.9  50.99
08  06  2019  14  13  22  28.8  83.9  50.99
08  06  2019  14  13  22  28.8  83.9  50.99
08  06  2019  14  13  22  28.8  83.9  50.99
08  06  2019  14  13  22  28.8  83.9  50.99
08  06  2019  14  13  22  28.8  83.9  50.99
08  06  2019  14  13  22  28.8  83.9  50.99
08  06  2019  14  13  22  28.8  83.9  50.99
08  06  2019  14  13  22  28.8  83.9  50.99
08  06  2019  14  13  22  28.8  83.9  50.99
08  06  2019  14  13  22  28.8  83.9  50.99
08  06  2019  14  13  22  28.8  83.9  50.99
08  06  2019  14  13  22  28.8  83.9  50.99
08  06  2019  14  13  22  28.8  83.9  50.99
08  06  2019  14  13  22  28.8  83.9  50.99
08  06  2019  14  13  22  28.8  83.9  50.99
08  06  2019  14  13  22  28.8  83.9  50.99
08  06  2019  14  13  22  28.8  83.9  50.99
08  06  2019  14  13  22  28.8  83.9  50.99
08  06  2019  14  13  22  28.8  83.9  50.99
08  06  2019  14  13  22  28.8  83.9  50.99
08  06  2019  14  13  22  28.8  83.9  50.99
08  06  2019  14  13  22  28.8  83.9  50.99
08  06  2019  14  13  22  28.8  83.9  50.99
08  06  2019  14  13  22  28.8  83.9  50.99
08  06  2019  14  13  22  28.8  83.9  50.99
08  06  2019  14  13  22  28.8  83.9  50.99
08  06  2019  14  13  22  28.8  83.9  50.99
08  06  2019  14  13  22  28.8  83.9  50.99
08  06  2019  14  13  22  28.8  83.9  50.99
08  06  2019  14  13  22  28.8  83.9  50.99
08  06  2019  14  13  22  28.9  83.9  51.13
08  06  2019  14  13  24  28.9  83.9  51.06
08  06  2019  14  13  25  28.9  83.9  50.96
08  06  2019  14  13  26  28.9  83.9  50.91
08  06  2019  14  13  27  28.9  83.9  50.67
08  06  2019  14  13  28  28.9  83.9  50.44
08  06  2019  14  13  29  28.8  83.9  50.39
08  06  2019  14  13  30  28.8  83.9  50.27
08  06  2019  14  13  31  28.9  83.9  50.31
08  06  2019  14  13  32  28.9  83.9  50.46
08  06  2019  14  13  33  28.9  83.9  50.54
08  06  2019  14  13  34  28.9  83.9  50.53
08  06  2019  14  13  35  28.8  83.9  50.26
08  06  2019  14  13  36  28.8  83.9  50.32
08  06  2019  14  13  37  28.9  83.9  50.5
08  06  2019  14  13  38  28.9  83.9  50.58
08  06  2019  14  13  39  28.9  83.9  50.58
08  06  2019  14  13  39  28.9  83.9  50.58
08  06  2019  14  13  39  28.9  83.9  50.58
08  06  2019  14  13  39  28.9  83.9  50.58
08  06  2019  14  13  39  28.9  83.9  50.58
08  06  2019  14  13  39  28.9  83.9  50.58
08  06  2019  14  13  39  28.9  83.9  50.58
08  06  2019  14  13  39  28.9  83.9  50.58
08  06  2019  14  13  39  28.9  83.9  50.58
08  06  2019  14  13  39  28.9  83.9  50.58
08  06  2019  14  13  39  28.9  83.9  50.58
08  06  2019  14  13  39  28.9  83.9  50.58
08  06  2019  14  13  39  28.9  83.9  50.58
08  06  2019  14  13  39  28.9  83.9  50.58
08  06  2019  14  13  39  28.9  83.9  50.58
08  06  2019  14  13  39  28.9  83.9  50.58
08  06  2019  14  13  39  28.9  83.9  50.58
08  06  2019  14  13  39  28.9  83.9  50.58
08  06  2019  14  13  39  28.9  83.9  50.58
08  06  2019  14  13  39  28.9  83.9  50.58
08  06  2019  14  13  39  28.9  83.9  50.58
08  06  2019  14  13  39  28.9  83.9  50.58
08  06  2019  14  13  39  28.9  83.9  50.58
08  06  2019  14  13  39  28.9  83.9  50.58
08  06  2019  14  13  39  28.9  83.9  50.58
08  06  2019  14  13  39  28.9  83.9  50.58
08  06  2019  14  13  39  28.9  83.9  50.58
08  06  2019  14  13  39  28.9  83.9  50.58
08  06  2019  14  13  39  28.9  83.9  50.58
08  06  2019  14  13  39  28.9  83.9  50.58
08  06  2019  14  13  39  28.9  83.9  50.58
08  06  2019  14  13  39  28.9  83.9  50.58
08  06  2019  14  13  39  28.9  83.9  50.58
08  06  2019  14  13  39  28.9  83.9  50.58
08  06  2019  14  13  39  28.9  83.9  50.58
08  06  2019  14  13  39  28.9  83.9  50.58
08  06  2019  14  13  39  28.9  83.9  50.58
08  06  2019  14  13  39  28.9  83.9  50.58
08  06  2019  14  13  39  28.9  83.9  50.58
08  06  2019  14  13  39  28.9  83.9  50.58
08  06  2019  14  13  39  28.9  83.9  50.58
08  06  2019  14  13  39  28.9  83.9  50.29
08  06  2019  14  13  40  28.9  83.9  50.21
08  06  2019  14  13  41  28.8  83.9  50.16
08  06  2019  14  13  42  28.8  83.9  49.88
08  06  2019  14  13  43  28.8  83.9  49.83
08  06  2019  14  13  44  28.8  83.9  49.76
08  06  2019  14  13  45  28.8  83.9  49.91
08  06  2019  14  13  46  28.8  83.9  49.92
08  06  2019  14  13  47  28.8  83.9  49.78
08  06  2019  14  13  48  28.8  83.9  49.62
08  06  2019  14  13  49  28.8  83.9  49.76
08  06  2019  14  13  50  28.8  83.9  49.75
08  06  2019  14  13  51  28.8  83.9  49.59
08  06  2019  14  13  52  28.8  83.9  49.43
08  06  2019  14  13  53  28.8  83.9  49.04
08  06  2019  14  13  54  28.8  83.9  49.15
08  06  2019  14  13  55  28.8  83.9  49.15
08  06  2019  14  13  55  28.8  83.9  49.15
08  06  2019  14  13  55  28.8  83.9  49.15
08  06  2019  14  13  55  28.8  83.9  49.15
08  06  2019  14  13  55  28.8  83.9  49.15
08  06  2019  14  13  55  28.8  83.9  49.15
08  06  2019  14  13  55  28.8  83.9  49.15
08  06  2019  14  13  55  28.8  83.9  49.15
08  06  2019  14  13  55  28.8  83.9  49.15
08  06  2019  14  13  55  28.8  83.9  49.15
08  06  2019  14  13  55  28.8  83.9  49.15
08  06  2019  14  13  55  28.8  83.9  49.15
08  06  2019  14  13  55  28.8  83.9  49.15
08  06  2019  14  13  55  28.8  83.9  49.15
08  06  2019  14  13  55  28.8  83.9  49.15
08  06  2019  14  13  55  28.8  83.9  49.15
08  06  2019  14  13  55  28.8  83.9  49.15
08  06  2019  14  13  55  28.8  83.9  49.15
08  06  2019  14  13  55  28.8  83.9  49.15
08  06  2019  14  13  55  28.8  83.9  49.15
08  06  2019  14  13  55  28.8  83.9  49.15
08  06  2019  14  13  55  28.8  83.9  49.15
08  06  2019  14  13  55  28.8  83.9  49.15
08  06  2019  14  13  55  28.8  83.9  49.15
08  06  2019  14  13  55  28.8  83.9  49.15
08  06  2019  14  13  55  28.8  83.9  49.15
08  06  2019  14  13  55  28.8  83.9  49.15
08  06  2019  14  13  55  28.8  83.9  49.15
08  06  2019  14  13  55  28.8  83.9  49.15
08  06  2019  14  13  55  28.8  83.9  49.15
08  06  2019  14  13  55  28.8  83.9  49.15
08  06  2019  14  13  55  28.8  83.9  49.15
08  06  2019  14  13  55  28.8  83.9  49.15
08  06  2019  14  13  55  28.8  83.9  49.15
08  06  2019  14  13  55  28.8  83.9  49.15
08  06  2019  14  13  55  28.8  83.8  49.14
08  06  2019  14  13  56  28.8  83.9  49.24
08  06  2019  14  13  57  28.8  83.9  49.33
08  06  2019  14  13  58  28.8  83.9  49.51
08  06  2019  14  13  59  28.8  83.9  49.7
08  06  2019  14  14  00  28.8  83.9  49.97
08  06  2019  14  14  01  28.8  83.9  49.96
08  06  2019  14  14  02  28.8  83.9  50.28
08  06  2019  14  14  03  28.8  83.9  50.25
08  06  2019  14  14  05  28.8  83.9  50.17
08  06  2019  14  14  06  28.8  83.9  49.94
08  06  2019  14  14  07  28.8  83.9  49.74
08  06  2019  14  14  08  28.8  83.9  49.61
08  06  2019  14  14  09  28.8  83.9  49.54
08  06  2019  14  14  10  28.8  83.9  49.45
08  06  2019  14  14  11  28.8  83.9  49.75
08  06  2019  14  14  12  28.8  83.9  49.75
08  06  2019  14  14  12  28.8  83.9  49.75
08  06  2019  14  14  12  28.8  83.9  49.75
08  06  2019  14  14  12  28.8  83.9  49.75
08  06  2019  14  14  12  28.8  83.9  49.75
08  06  2019  14  14  12  28.8  83.9  49.75
08  06  2019  14  14  12  28.8  83.9  49.75
08  06  2019  14  14  12  28.8  83.9  49.75
08  06  2019  14  14  12  28.8  83.9  49.75
08  06  2019  14  14  12  28.8  83.9  49.75
08  06  2019  14  14  12  28.8  83.9  49.75
08  06  2019  14  14  12  28.8  83.9  49.75
08  06  2019  14  14  12  28.8  83.9  49.75
08  06  2019  14  14  12  28.8  83.9  49.75
08  06  2019  14  14  12  28.8  83.9  49.75
08  06  2019  14  14  12  28.8  83.9  49.75
08  06  2019  14  14  12  28.8  83.9  49.75
08  06  2019  14  14  12  28.8  83.9  49.75
08  06  2019  14  14  12  28.8  83.9  49.75
08  06  2019  14  14  12  28.8  83.9  49.75
08  06  2019  14  14  12  28.8  83.9  49.75
08  06  2019  14  14  12  28.8  83.9  49.75
08  06  2019  14  14  12  28.8  83.9  49.75
08  06  2019  14  14  12  28.8  83.9  49.75
08  06  2019  14  14  12  28.8  83.9  49.75
08  06  2019  14  14  12  28.8  83.9  49.75
08  06  2019  14  14  12  28.8  83.9  49.75
08  06  2019  14  14  12  28.8  83.9  49.75
08  06  2019  14  14  12  28.8  83.9  49.75
08  06  2019  14  14  12  28.8  83.9  49.75
08  06  2019  14  14  12  28.8  83.9  49.75
08  06  2019  14  14  12  28.8  83.9  49.98
08  06  2019  14  14  13  28.8  83.9  50.1
08  06  2019  14  14  14  28.8  83.9  49.93
08  06  2019  14  14  15  28.8  83.9  49.85
08  06  2019  14  14  16  28.8  83.9  49.97
08  06  2019  14  14  17  28.8  83.9  50.09
08  06  2019  14  14  18  28.8  83.9  50.6
08  06  2019  14  14  19  28.8  83.9  50.49
08  06  2019  14  14  20  28.8  83.9  50.28
08  06  2019  14  14  21  28.8  83.9  50.2
08  06  2019  14  14  22  28.8  83.9  50.07
08  06  2019  14  14  23  28.8  83.9  49.87
08  06  2019  14  14  24  28.8  83.9  49.81
08  06  2019  14  14  25  28.8  83.9  50.01
08  06  2019  14  14  26  28.8  83.9  50.18
08  06  2019  14  14  27  28.8  83.9  50.03
08  06  2019  14  14  28  28.8  83.9  50.03
08  06  2019  14  14  28  28.8  83.9  50.03
08  06  2019  14  14  28  28.8  83.9  50.03
08  06  2019  14  14  28  28.8  83.9  50.03
08  06  2019  14  14  28  28.8  83.9  50.03
08  06  2019  14  14  28  28.8  83.9  50.03
08  06  2019  14  14  28  28.8  83.9  50.03
08  06  2019  14  14  28  28.8  83.9  50.03
08  06  2019  14  14  28  28.8  83.9  50.03
08  06  2019  14  14  28  28.8  83.9  50.03
08  06  2019  14  14  28  28.8  83.9  50.03
08  06  2019  14  14  28  28.8  83.9  50.03
08  06  2019  14  14  28  28.8  83.9  50.03
08  06  2019  14  14  28  28.8  83.9  50.03
08  06  2019  14  14  28  28.8  83.9  50.03
08  06  2019  14  14  28  28.8  83.9  50.03
08  06  2019  14  14  28  28.8  83.9  50.03
08  06  2019  14  14  28  28.8  83.9  50.03
08  06  2019  14  14  28  28.8  83.9  50.03
08  06  2019  14  14  28  28.8  83.9  50.03
08  06  2019  14  14  28  28.8  83.9  50.03
08  06  2019  14  14  28  28.8  83.9  50.03
08  06  2019  14  14  28  28.8  83.9  49.91
08  06  2019  14  14  29  28.8  83.9  49.89
08  06  2019  14  14  30  28.8  83.9  49.63
08  06  2019  14  14  31  28.8  83.9  49.45
08  06  2019  14  14  32  28.8  83.9  49.29
08  06  2019  14  14  33  28.8  83.9  49.19
08  06  2019  14  14  34  28.8  83.9  49.1
08  06  2019  14  14  35  28.8  83.9  49.07
08  06  2019  14  14  36  28.8  83.9  49.1
08  06  2019  14  14  37  28.8  83.9  49.08
08  06  2019  14  14  38  28.8  83.9  49.21
08  06  2019  14  14  39  28.8  83.9  49.25
08  06  2019  14  14  40  28.8  83.9  49.22
08  06  2019  14  14  41  28.8  83.9  49.2
08  06  2019  14  14  42  28.8  83.9  49.42
08  06  2019  14  14  43  28.8  83.9  49.58
08  06  2019  14  14  44  28.8  83.9  49.58
08  06  2019  14  14  44  28.8  83.9  49.58
08  06  2019  14  14  44  28.8  83.9  49.58
08  06  2019  14  14  44  28.8  83.9  49.58
08  06  2019  14  14  44  28.8  83.9  49.58
08  06  2019  14  14  44  28.8  83.9  49.58
08  06  2019  14  14  44  28.8  83.9  49.58
08  06  2019  14  14  44  28.8  83.9  49.58
08  06  2019  14  14  44  28.8  83.9  49.58
08  06  2019  14  14  44  28.8  83.9  49.58
08  06  2019  14  14  44  28.8  83.9  49.58
08  06  2019  14  14  44  28.8  83.9  49.58
08  06  2019  14  14  44  28.8  83.9  49.53
08  06  2019  14  14  45  28.8  83.9  49.47
08  06  2019  14  14  47  28.8  83.9  49.48
08  06  2019  14  14  48  28.8  83.9  49.38
08  06  2019  14  14  49  28.8  83.9  49.24
08  06  2019  14  14  50  28.8  83.9  49.03
08  06  2019  14  14  51  28.8  83.9  48.93
08  06  2019  14  14  52  28.8  83.9  48.87
08  06  2019  14  14  53  28.8  83.9  48.78
08  06  2019  14  14  54  28.8  83.9  48.79
08  06  2019  14  14  55  28.8  83.9  48.72
08  06  2019  14  14  56  28.8  83.9  48.61
08  06  2019  14  14  57  28.8  83.9  48.21
08  06  2019  14  14  58  28.8  83.8  48.27
08  06  2019  14  14  59  28.8  83.8  48.15
08  06  2019  14  15  00  28.8  83.8  48.18
08  06  2019  14  15  01  28.8  83.8  48.18
08  06  2019  14  15  01  28.8  83.8  48.18
08  06  2019  14  15  01  28.8  83.8  48.18
08  06  2019  14  15  01  28.8  83.8  48.18
08  06  2019  14  15  01  28.8  83.8  48.18
08  06  2019  14  15  01  28.8  83.8  48.18
08  06  2019  14  15  01  28.8  83.8  48.18
08  06  2019  14  15  01  28.8  83.8  48.21
08  06  2019  14  15  02  28.8  83.9  48.36
08  06  2019  14  15  03  28.8  83.9  48.22
08  06  2019  14  15  04  28.8  83.9  48.26
08  06  2019  14  15  05  28.8  83.9  48.18
08  06  2019  14  15  06  28.8  83.8  48.08
08  06  2019  14  15  07  28.8  83.9  48.04
08  06  2019  14  15  08  28.8  83.9  48.22
08  06  2019  14  15  09  28.8  83.9  48.33
08  06  2019  14  15  10  28.8  83.8  48.24
08  06  2019  14  15  11  28.8  83.8  48.64
08  06  2019  14  15  12  28.8  83.8  48.64
08  06  2019  14  15  13  28.8  83.8  48.85
08  06  2019  14  15  14  28.8  83.8  48.89
08  06  2019  14  15  15  28.8  83.8  48.89
08  06  2019  14  15  16  28.8  83.8  48.65
08  06  2019  14  15  17  28.8  83.8  48.65
08  06  2019  14  15  17  28.8  83.8  48.65
08  06  2019  14  15  17  28.8  83.8  48.65
08  06  2019  14  15  17  28.8  83.8  48.65
08  06  2019  14  15  17  28.8  83.8  48.65
08  06  2019  14  15  17  28.8  83.8  48.65
08  06  2019  14  15  17  28.8  83.8  48.65
08  06  2019  14  15  17  28.8  83.8  48.65
08  06  2019  14  15  17  28.8  83.8  48.65
08  06  2019  14  15  17  28.8  83.8  48.65
08  06  2019  14  15  17  28.8  83.8  48.65
08  06  2019  14  15  17  28.8  83.8  48.65
08  06  2019  14  15  17  28.8  83.8  48.65
08  06  2019  14  15  17  28.8  83.8  48.65
08  06  2019  14  15  17  28.8  83.8  48.65
08  06  2019  14  15  17  28.8  83.8  48.65
08  06  2019  14  15  17  28.8  83.8  48.56
08  06  2019  14  15  18  28.8  83.8  48.68
08  06  2019  14  15  19  28.8  83.8  48.45
08  06  2019  14  15  20  28.8  83.8  48.52
08  06  2019  14  15  21  28.8  83.8  48.66
08  06  2019  14  15  22  28.8  83.8  48.8
08  06  2019  14  15  23  28.8  83.8  48.8
08  06  2019  14  15  24  28.8  83.8  48.78
08  06  2019  14  15  25  28.8  83.8  48.68
08  06  2019  14  15  26  28.8  83.8  48.76
08  06  2019  14  15  28  28.8  83.8  48.82
08  06  2019  14  15  29  28.8  83.8  48.87
08  06  2019  14  15  30  28.8  83.8  48.79
08  06  2019  14  15  31  28.8  83.8  48.89
08  06  2019  14  15  32  28.8  83.8  49.08
08  06  2019  14  15  33  28.8  83.8  48.98
08  06  2019  14  15  34  28.8  83.8  48.98
08  06  2019  14  15  34  28.8  83.8  48.98
08  06  2019  14  15  34  28.8  83.8  48.98
08  06  2019  14  15  34  28.8  83.8  48.98
08  06  2019  14  15  34  28.8  83.8  48.98
08  06  2019  14  15  34  28.8  83.8  48.98
08  06  2019  14  15  34  28.8  83.8  48.98
08  06  2019  14  15  34  28.8  83.8  48.98
08  06  2019  14  15  34  28.8  83.8  48.98
08  06  2019  14  15  34  28.8  83.8  48.98
08  06  2019  14  15  34  28.8  83.8  48.98
08  06  2019  14  15  34  28.8  83.8  48.98
08  06  2019  14  15  34  28.8  83.8  48.98
08  06  2019  14  15  34  28.8  83.8  48.98
08  06  2019  14  15  34  28.8  83.8  48.98
08  06  2019  14  15  34  28.8  83.8  48.98
08  06  2019  14  15  34  28.8  83.8  48.98
08  06  2019  14  15  34  28.8  83.8  48.98
08  06  2019  14  15  34  28.8  83.8  48.98
08  06  2019  14  15  34  28.8  83.8  48.98
08  06  2019  14  15  34  28.8  83.8  48.98
08  06  2019  14  15  34  28.8  83.8  48.98
08  06  2019  14  15  34  28.8  83.8  48.42
08  06  2019  14  15  35  28.8  83.8  48.13
08  06  2019  14  15  36  28.8  83.8  47.85
08  06  2019  14  15  37  28.8  83.8  47.78
08  06  2019  14  15  38  28.8  83.8  47.94
08  06  2019  14  15  39  28.8  83.8  47.97
08  06  2019  14  15  40  28.8  83.8  47.99
08  06  2019  14  15  41  28.8  83.8  47.86
08  06  2019  14  15  42  28.8  83.8  47.79
08  06  2019  14  15  43  28.8  83.8  47.8
08  06  2019  14  15  44  28.8  83.8  47.76
08  06  2019  14  15  45  28.8  83.8  47.65
08  06  2019  14  15  46  28.8  83.8  47.58
08  06  2019  14  15  47  28.8  83.8  47.5
08  06  2019  14  15  48  28.8  83.8  47.49
08  06  2019  14  15  49  28.8  83.8  47.56
08  06  2019  14  15  50  28.8  83.8  47.56
08  06  2019  14  15  50  28.8  83.8  47.56
08  06  2019  14  15  50  28.8  83.8  47.56
08  06  2019  14  15  50  28.8  83.8  47.56
08  06  2019  14  15  50  28.8  83.8  47.56
08  06  2019  14  15  50  28.8  83.8  47.56
08  06  2019  14  15  50  28.8  83.8  47.56
08  06  2019  14  15  50  28.8  83.8  47.56
08  06  2019  14  15  50  28.8  83.8  47.56
08  06  2019  14  15  50  28.8  83.8  47.56
08  06  2019  14  15  50  28.8  83.8  47.56
08  06  2019  14  15  50  28.8  83.8  47.56
08  06  2019  14  15  50  28.8  83.8  47.56
08  06  2019  14  15  50  28.8  83.8  47.56
08  06  2019  14  15  50  28.8  83.8  47.56
08  06  2019  14  15  50  28.8  83.8  47.58
08  06  2019  14  15  51  28.8  83.8  47.64
08  06  2019  14  15  52  28.8  83.8  47.71
08  06  2019  14  15  53  28.8  83.8  47.68
08  06  2019  14  15  54  28.8  83.8  47.69
08  06  2019  14  15  55  28.8  83.8  47.49
08  06  2019  14  15  56  28.8  83.8  47.56
08  06  2019  14  15  57  28.8  83.8  47.63
08  06  2019  14  15  58  28.8  83.8  47.67
08  06  2019  14  15  59  28.8  83.8  47.54
08  06  2019  14  16  00  28.8  83.8  47.77
08  06  2019  14  16  01  28.8  83.8  47.69
08  06  2019  14  16  02  28.8  83.8  47.64
08  06  2019  14  16  03  28.8  83.8  47.52
08  06  2019  14  16  04  28.8  83.8  47.33
08  06  2019  14  16  05  28.8  83.8  47.25
08  06  2019  14  16  06  28.8  83.8  47.25
08  06  2019  14  16  06  28.8  83.8  47.25
08  06  2019  14  16  06  28.8  83.8  47.25
08  06  2019  14  16  06  28.8  83.8  47.25
08  06  2019  14  16  06  28.8  83.8  47.25
08  06  2019  14  16  06  28.8  83.8  47.25
08  06  2019  14  16  06  28.8  83.8  47.25
08  06  2019  14  16  06  28.8  83.8  47.25
08  06  2019  14  16  06  28.8  83.8  47.25
08  06  2019  14  16  06  28.8  83.8  47.25
08  06  2019  14  16  06  28.8  83.8  47.25
08  06  2019  14  16  06  28.8  83.8  47.25
08  06  2019  14  16  06  28.8  83.8  47.25
08  06  2019  14  16  06  28.8  83.8  47.25
08  06  2019  14  16  06  28.8  83.8  47.25
08  06  2019  14  16  06  28.8  83.8  47.19
08  06  2019  14  16  07  28.8  83.8  47.46
08  06  2019  14  16  09  28.8  83.8  47.49
08  06  2019  14  16  10  28.8  83.8  47.32
08  06  2019  14  16  11  28.8  83.8  47.32
08  06  2019  14  16  12  28.8  83.8  47.31
08  06  2019  14  16  13  28.8  83.8  47.28
08  06  2019  14  16  14  28.8  83.8  47.17
08  06  2019  14  16  15  28.8  83.8  47.02
08  06  2019  14  16  16  28.8  83.8  46.77
08  06  2019  14  16  17  28.7  83.7  46.57
08  06  2019  14  16  18  28.8  83.8  46.56
08  06  2019  14  16  19  28.8  83.8  46.5
08  06  2019  14  16  20  28.8  83.8  46.46
08  06  2019  14  16  21  28.8  83.8  46.35
08  06  2019  14  16  22  28.8  83.8  46.36
08  06  2019  14  16  23  28.8  83.8  46.36
08  06  2019  14  16  23  28.8  83.8  46.36
08  06  2019  14  16  23  28.8  83.8  46.36
08  06  2019  14  16  23  28.8  83.8  46.36
08  06  2019  14  16  23  28.8  83.8  46.36
08  06  2019  14  16  23  28.8  83.8  46.36
08  06  2019  14  16  23  28.8  83.8  46.36
08  06  2019  14  16  23  28.8  83.8  46.36
08  06  2019  14  16  23  28.8  83.8  46.36
08  06  2019  14  16  23  28.8  83.8  46.36
08  06  2019  14  16  23  28.8  83.8  46.36
08  06  2019  14  16  23  28.8  83.8  46.44
08  06  2019  14  16  24  28.7  83.7  46.49
08  06  2019  14  16  25  28.7  83.7  46.69
08  06  2019  14  16  26  28.7  83.7  46.92
08  06  2019  14  16  27  28.7  83.7  47.07
08  06  2019  14  16  28  28.7  83.7  46.99
08  06  2019  14  16  29  28.7  83.7  47.17
08  06  2019  14  16  30  28.7  83.7  47.01
08  06  2019  14  16  31  28.7  83.7  46.85
08  06  2019  14  16  32  28.7  83.7  46.85
08  06  2019  14  16  33  28.7  83.7  46.97
08  06  2019  14  16  34  28.7  83.7  46.94
08  06  2019  14  16  35  28.7  83.7  46.81
08  06  2019  14  16  36  28.7  83.7  46.77
08  06  2019  14  16  37  28.7  83.7  46.73
08  06  2019  14  16  38  28.7  83.7  46.79
08  06  2019  14  16  39  28.7  83.7  46.79
08  06  2019  14  16  39  28.7  83.7  46.79
08  06  2019  14  16  39  28.7  83.7  46.79
08  06  2019  14  16  39  28.7  83.7  46.79
08  06  2019  14  16  39  28.7  83.7  46.79
08  06  2019  14  16  39  28.7  83.7  46.79
08  06  2019  14  16  39  28.7  83.7  46.79
08  06  2019  14  16  39  28.7  83.7  46.79
08  06  2019  14  16  39  28.7  83.7  46.79
08  06  2019  14  16  39  28.7  83.7  46.79
08  06  2019  14  16  39  28.7  83.7  46.79
08  06  2019  14  16  39  28.7  83.7  46.79
08  06  2019  14  16  39  28.7  83.7  46.79
08  06  2019  14  16  39  28.7  83.7  46.79
08  06  2019  14  16  39  28.7  83.7  46.79
08  06  2019  14  16  39  28.7  83.7  46.79
08  06  2019  14  16  39  28.7  83.7  46.79
08  06  2019  14  16  39  28.7  83.7  46.79
08  06  2019  14  16  39  28.7  83.7  46.79
08  06  2019  14  16  39  28.7  83.7  46.79
08  06  2019  14  16  39  28.7  83.7  46.79
08  06  2019  14  16  39  28.7  83.7  46.79
08  06  2019  14  16  39  28.7  83.7  46.79
08  06  2019  14  16  39  28.7  83.7  46.79
08  06  2019  14  16  39  28.7  83.7  46.79
08  06  2019  14  16  39  28.7  83.7  46.79
08  06  2019  14  16  39  28.7  83.7  46.79
08  06  2019  14  16  39  28.7  83.7  46.66
08  06  2019  14  16  40  28.7  83.7  46.84
08  06  2019  14  16  41  28.7  83.7  46.69
08  06  2019  14  16  42  28.7  83.7  46.95
08  06  2019  14  16  43  28.7  83.7  47.05
08  06  2019  14  16  44  28.7  83.7  46.92
08  06  2019  14  16  45  28.7  83.7  46.85
08  06  2019  14  16  46  28.7  83.7  46.7
08  06  2019  14  16  47  28.7  83.7  46.42
08  06  2019  14  16  48  28.7  83.7  46.32
08  06  2019  14  16  50  28.7  83.7  46.54
08  06  2019  14  16  51  28.7  83.7  46.74
08  06  2019  14  16  52  28.7  83.7  46.66
08  06  2019  14  16  53  28.7  83.6  46.52
08  06  2019  14  16  54  28.7  83.6  46.53
08  06  2019  14  16  55  28.7  83.7  46.66
08  06  2019  14  16  56  28.7  83.7  46.66
08  06  2019  14  16  56  28.7  83.7  46.66
08  06  2019  14  16  56  28.7  83.7  46.66
08  06  2019  14  16  56  28.7  83.7  46.66
08  06  2019  14  16  56  28.7  83.7  46.66
08  06  2019  14  16  56  28.7  83.7  46.66
08  06  2019  14  16  56  28.7  83.7  46.66
08  06  2019  14  16  56  28.7  83.7  46.66
08  06  2019  14  16  56  28.7  83.7  46.66
08  06  2019  14  16  56  28.7  83.7  46.66
08  06  2019  14  16  56  28.7  83.7  46.66
08  06  2019  14  16  56  28.7  83.7  46.66
08  06  2019  14  16  56  28.7  83.7  46.66
08  06  2019  14  16  56  28.7  83.7  46.66
08  06  2019  14  16  56  28.7  83.7  46.66
08  06  2019  14  16  56  28.7  83.7  46.66
08  06  2019  14  16  56  28.7  83.7  46.66
08  06  2019  14  16  56  28.7  83.7  46.66
08  06  2019  14  16  56  28.7  83.7  46.66
08  06  2019  14  16  56  28.7  83.7  46.66
08  06  2019  14  16  56  28.7  83.7  46.66
08  06  2019  14  16  56  28.7  83.7  46.66
08  06  2019  14  16  56  28.7  83.7  46.66
08  06  2019  14  16  56  28.7  83.7  46.66
08  06  2019  14  16  56  28.7  83.7  46.66
08  06  2019  14  16  56  28.7  83.7  46.66
08  06  2019  14  16  56  28.7  83.7  46.66
08  06  2019  14  16  56  28.7  83.7  46.66
08  06  2019  14  16  56  28.7  83.7  46.61
08  06  2019  14  16  57  28.7  83.7  46.51
